ForestSize,DT-Training%,DT-DomTesting%
1,0.99309,0.8042
2,0.99309,0.7273
3,0.99309,0.7962
4,0.99309,0.8063
5,0.99309,0.8005
6,0.99309,0.7976
7,0.99309,0.8011
8,0.99309,0.8021
9,0.99309,0.7981
10,0.99309,0.7984
20,0.99309,0.8017
30,0.99309,0.7968
40,0.99309,0.7986
50,0.99309,0.804
60,0.99309,0.7997
70,0.99309,0.7964
80,0.99309,0.8
90,0.99309,0.8069
100,0.99309,0.807
200,0.99309,0.8057
300,0.99309,0.8029
400,0.99309,0.808
500,0.99309,0.803
600,0.99309,0.7954
700,0.99309,0.803
800,0.99309,0.8033
900,0.99309,0.8075
1000,0.99309,0.8036
