ForestSize,DT-Training%,DT-DomTesting%
1,0.99997,0.4595
2,0.99997,0.5031
3,0.99997,0.5274
4,0.99997,0.5965
5,0.99997,0.6233
6,0.99997,0.5653
7,0.99997,0.5588
8,0.99997,0.563
9,0.99997,0.5566
10,0.99997,0.5649
20,0.99997,0.5602
30,0.99997,0.5643
40,0.99997,0.5579
50,0.99997,0.5556
60,0.99997,0.5635
70,0.99997,0.5626
80,0.99997,0.557
90,0.99997,0.5595
100,0.99997,0.5611
200,0.99997,0.5582
300,0.99997,0.5687
400,0.99997,0.5581
500,0.99997,0.5609
600,0.99997,0.5588
700,0.99997,0.5661
800,0.99997,0.559
900,0.99997,0.5635
1000,0.99997,0.559
