ForestSize,DT-Training%,DT-DomTesting%
1,0.9999,0.2578
2,0.9999,0.2201
3,0.9999,0.4051
4,0.9999,0.388
5,0.9999,0.2574
6,0.9999,0.3688
7,0.9999,0.3853
8,0.9999,0.4817
9,0.9999,0.4111
10,0.9999,0.5246
20,0.9999,0.7286
30,0.9999,0.6772
40,0.9999,0.4425
50,0.9999,0.5379
60,0.9999,0.4004
70,0.9999,0.5444
80,0.9999,0.5864
90,0.9999,0.5835
100,0.9999,0.5035
200,0.9999,0.5848
300,0.9999,0.6043
400,0.9999,0.5718
500,0.9999,0.6013
600,0.9999,0.5154
700,0.9999,0.575
800,0.9999,0.5825
900,0.9999,0.501
1000,0.9999,0.5389
