ForestSize,DT-Training%,DT-DomTesting%
1,0.99886,0.4507
2,0.99886,0.4918
3,0.99886,0.4614
4,0.99886,0.5689
5,0.99886,0.5371
6,0.99886,0.4575
7,0.99886,0.4612
8,0.99886,0.5624
9,0.99886,0.5697
10,0.99886,0.5755
20,0.99886,0.6112
30,0.99886,0.694
40,0.99886,0.5963
50,0.99886,0.5997
60,0.99886,0.5928
70,0.99886,0.6024
80,0.99886,0.6105
90,0.99886,0.6641
100,0.99886,0.5815
200,0.99886,0.6781
300,0.99886,0.6116
400,0.99886,0.5691
500,0.99886,0.6313
600,0.99886,0.6869
700,0.99886,0.5675
800,0.99886,0.6474
900,0.99886,0.6115
1000,0.99886,0.7132
