ForestSize,DT-Training%,DT-DomTesting%
1,0.99376,0.5939
2,0.99376,0.5337
3,0.99376,0.7036
4,0.99376,0.6869
5,0.99376,0.7412
6,0.99376,0.8117
7,0.99376,0.7784
8,0.99376,0.7888
9,0.99376,0.8181
10,0.99376,0.811
20,0.99376,0.8548
30,0.99376,0.8263
40,0.99376,0.8554
50,0.99376,0.8257
60,0.99376,0.8489
70,0.99376,0.8462
80,0.99376,0.8548
90,0.99376,0.8093
100,0.99376,0.8434
200,0.99376,0.8569
300,0.99376,0.8545
400,0.99376,0.8538
500,0.99376,0.8597
600,0.99376,0.8579
700,0.99376,0.8563
800,0.99376,0.8523
900,0.99376,0.8579
1000,0.99376,0.8536
