ForestSize,DT-Training%,DT-DomTesting%
1,0.99996,0.8533
2,0.99996,0.8429
3,0.99996,0.9334
4,0.99996,0.9055
5,0.99996,0.8304
6,0.99996,0.9372
7,0.99996,0.9485
8,0.99996,0.8908
9,0.99996,0.9117
10,0.99996,0.891
20,0.99996,0.9016
30,0.99996,0.9577
40,0.99996,0.9501
50,0.99996,0.937
60,0.99996,0.9603
70,0.99996,0.9548
80,0.99996,0.9622
90,0.99996,0.9328
100,0.99996,0.9534
200,0.99996,0.9647
300,0.99996,0.9608
400,0.99996,0.9692
500,0.99996,0.965
600,0.99996,0.9679
700,0.99996,0.9652
800,0.99996,0.9637
900,0.99996,0.9638
1000,0.99996,0.9641
