ForestSize,DT-Training%,DT-DomTesting%
1,0.99969,0.7754
2,0.99969,0.7306
3,0.99969,0.7784
4,0.99969,0.7313
5,0.99969,0.7783
6,0.99969,0.7211
7,0.99969,0.7739
8,0.99969,0.729
9,0.99969,0.7786
10,0.99969,0.7806
20,0.99969,0.7729
30,0.99969,0.7827
40,0.99969,0.7833
50,0.99969,0.784
60,0.99969,0.7831
70,0.99969,0.7816
80,0.99969,0.7785
90,0.99969,0.7789
100,0.99969,0.7721
200,0.99969,0.7771
300,0.99969,0.7797
400,0.99969,0.7841
500,0.99969,0.7791
600,0.99969,0.7772
700,0.99969,0.7843
800,0.99969,0.7832
900,0.99969,0.7804
1000,0.99969,0.7827
