ForestSize,RF-Training%,RF-DomTesting%
1,0.83815,0.8277
2,0.82659,0.183
3,0.8974,0.7154
4,0.89017,0.7628
5,0.92486,0.7757
6,0.88728,0.7532
7,0.92197,0.8105
8,0.92775,0.8298
9,0.95809,0.8683
10,0.93497,0.8614
20,0.94075,0.9517
30,0.95376,0.8438
40,0.95665,0.9822
50,0.95231,0.9892
60,0.9552,0.9712
70,0.95954,0.9719
80,0.96676,0.9767
90,0.95231,0.9813
100,0.95954,0.9673
200,0.9552,0.9774
300,0.95954,0.9843
400,0.96098,0.9702
500,0.95954,0.9773
600,0.95809,0.9785
700,0.95809,0.9716
800,0.95809,0.9697
900,0.96387,0.9656
1000,0.95954,0.9656
