ForestSize,DT-Training%,DT-DomTesting%
1,0.9999,0.8338
2,0.9999,0.8339
3,0.9999,0.8601
4,0.9999,0.8495
5,0.9999,0.8743
6,0.9999,0.8722
7,0.9999,0.8412
8,0.9999,0.8782
9,0.9999,0.889
10,0.9999,0.8915
20,0.9999,0.873
30,0.9999,0.877
40,0.9999,0.8714
50,0.9999,0.8685
60,0.9999,0.8711
70,0.9999,0.8684
80,0.9999,0.8716
90,0.9999,0.8691
100,0.9999,0.8711
200,0.9999,0.8677
300,0.9999,0.8699
400,0.9999,0.8631
500,0.9999,0.8721
600,0.9999,0.8688
700,0.9999,0.8691
800,0.9999,0.8703
900,0.9999,0.8691
1000,0.9999,0.8702
