ForestSize,DT-Training%,DT-DomTesting%
1,0.99734,0.7649
2,0.99734,0.8477
3,0.99734,0.6282
4,0.99734,0.6245
5,0.99734,0.663
6,0.99734,0.7128
7,0.99734,0.7619
8,0.99734,0.6839
9,0.99734,0.7774
10,0.99734,0.8144
20,0.99734,0.6792
30,0.99734,0.7827
40,0.99734,0.5381
50,0.99734,0.7791
60,0.99734,0.8025
70,0.99734,0.773
80,0.99734,0.8589
90,0.99734,0.8784
100,0.99734,0.925
200,0.99734,0.8106
300,0.99734,0.9271
400,0.99734,0.9233
500,0.99734,0.9253
600,0.99734,0.9249
700,0.99734,0.922
800,0.99734,0.9273
900,0.99734,0.9235
1000,0.99734,0.9219
